mae=[0.1382158]
mse=[0.03184576]
corr=0.40264924053359696