mae=[0.17887805]
mse=[0.04747493]
corr=0.23685720172224517